python m_c_b_execution.py 1000 3 3 0 0 0
Best answer: [(3, 3, 0, 0, 0), (3, 1, 1, 0, 0), (3, 1, 0, 0, 1), (2, 1, 1, 0, 1), (2, 1, 0, 1, 1), (1, 1, 1, 1, 1), (1, 1, 0, 2, 1), (1, 0, 1, 2, 1), (1, 0, 0, 2, 2), (0, 0, 1, 2, 2), (0, 0, 1, 3, 3)], tam 11

python m_c_b_execution.py 1 3 3 0 0 0
Best answer: [(3, 3, 0, 0, 0), (2, 2, 1, 0, 0), (2, 2, 0, 0, 1), (2, 1, 1, 0, 1), (2, 1, 0, 1, 1), (1, 1, 1, 1, 1), (1, 1, 0, 2, 1), (1, 0, 1, 2, 1), (1, 0, 0, 2, 2), (0, 0, 1, 2, 2), (0, 0, 1, 3, 3)], tam 11

Best answer: [(3, 3, 0, 0, 0), (3, 1, 1, 0, 0), (3, 1, 0, 0, 1), (3, 2, 0, 0, 1), (2, 1, 1, 0, 1), (2, 1, 0, 1, 1), (1, 1, 1, 1, 1), (1, 1, 0, 2, 1), (1, 0, 1, 2, 1), (1, 0, 0, 2, 2), (0, 0, 1, 2, 2), (0, 0, 1, 3, 3)], tam 12

Best answer: [(3, 3, 0, 0, 0), (3, 1, 1, 0, 0), (3, 1, 0, 0, 1), (3, 2, 0, 0, 1), (2, 1, 1, 0, 1), (2, 1, 0, 1, 1), (1, 1, 1, 1, 1), (1, 1, 1, 2, 2), (1, 1, 0, 2, 1), (0, 1, 1, 2, 1), (0, 1, 0, 3, 1), (0, 0, 1, 3, 1), 
(0, 0, 1, 3, 3)], tam 13

Best answer: [(3, 3, 0, 0, 0), (3, 1, 1, 0, 0), (3, 1, 0, 0, 1), (2, 1, 1, 0, 1), (2, 1, 0, 1, 1), (2, 2, 0, 1, 1), (1, 1, 1, 1, 1), (1, 1, 0, 2, 1), (1, 0, 1, 2, 1), (1, 0, 0, 2, 1), (1, 1, 1, 2, 1), (1, 0, 0, 2, 2), 
(0, 0, 1, 2, 2), (0, 0, 1, 3, 3)], tam 14